##reduced threshold

-----1-----
len(ale):4330
	 1 2722
	 2 1520
	 3 47
	 4 34
	 5 1
	 6 2
	 7 1
	 8 1
	 9 2
len(amin):51
8450000	8460000	8451018	4	5k	0.0144037537232342
9530000	9540000	9536556	4	5k	0.0144037537232342
23280000	23290000	23282539	5	5k	0.0
26280000	26290000	26287975	2	125k	0.0
26950000	26960000	26953469	2	10k	0.0199998475897348
27930000	27940000	27937203	4	5k	0.0216056305848514
36530000	36540000	36534748	2	30k	0.00670408572158238
37690000	37700000	37699546	2	5k	0.0216056305848514
39450000	39460000	39451376	1	125k	0.0
41820000	41830000	41820788	2	125k	0.0
44060000	44070000	44064835	1	125k	0.0
45720000	45730000	45727828	4	5k	0.0270070382310642
49500000	49510000	49506461	4	5k	0.0
50990000	51000000	50998041	1	30k	0.0357551238484393
84510000	84520000	84515691	4	5k	0.00180046921540428
91850000	91860000	91852949	6	5k	0.0
94460000	94470000	94463041	4	5k	0.0
113870000	113880000	113873723	4	5k	0.0144037537232342
121350000	121360000	121354986	9	5k	0.0
121480000	121490000	121483991	9	5k	0.0
143280000	143290000	143280257	7	5k	0.0
148880000	148890000	148881953	4	5k	0.0216056305848514
149030000	149040000	149032459	8	5k	0.0
150510000	150520000	150517011	4	5k	0.00900234607702139
153760000	153770000	153769125	3	5k	0.0216056305848514
156070000	156080000	156074559	1	30k	0.0156428666836922
156180000	156190000	156186210	4	5k	0.0
180310000	180320000	180310558	3	5k	0.00720187686161712
180630000	180640000	180636069	4	5k	0.0144037537232342
198210000	198220000	198213687	6	5k	0.0
198530000	198540000	198538699	4	5k	0.0
201980000	201990000	201981241	1	250k	0.0498515347932155
204210000	204220000	204219551	1	125k	0.0
205600000	205610000	205606947	4	5k	0.0
205630000	205640000	205639948	2	5k	0.0144037537232342
205790000	205800000	205796954	3	5k	0.0252065690156599
209660000	209670000	209667996	3	30k	0.00670408572158238
212250000	212260000	212252657	2	30k	0.0424592095700217
216850000	216860000	216855342	4	5k	0.0144037537232342
224200000	224210000	224201101	4	5k	0.0144037537232342
232460000	232470000	232465391	4	5k	0.012603284507830001
245310000	245320000	245314437	2	125k	0.0
overlapping:42

-----2-----
len(ale):1296
	 1 766
	 2 482
	 3 23
	 4 15
	 5 3
	 9 7
len(amin):45
15910000	15920000	15914966	3	10k	0.00412308211215715
15960000	15970000	15969496	2	5k	0.0
16020000	16030000	16025993	4	5k	0.0
16080000	16090000	16085489	9	5k	0.0
16150000	16160000	16152985	4	5k	0.0
16500000	16510000	16502963	4	5k	0.0
16550000	16560000	16553460	3	5k	0.00567680859840393
17010000	17020000	17013540	2	30k	0.027484743280211003
25370000	25380000	25372905	4	5k	0.0
40300000	40310000	40305467	4	5k	0.0
43440000	43450000	43449769	4	5k	0.0
46570000	46580000	46574573	4	5k	0.0
49860000	49870000	49865366	4	5k	0.0
50370000	50380000	50374146	2	30k	0.0160327669134564
55430000	55440000	55435516	4	5k	0.0
58940000	58950000	58946295	4	5k	0.0302763125248209
64260000	64270000	64265894	1	30k	0.0
74790000	74800000	74794528	3	10k	0.0309231158411786
89160000	89170000	89160396	2	5k	0.024599503926417004
91620000	91630000	91624241	4	5k	0.0
92310000	92320000	92317698	9	5k	0.0
95550000	95560000	95556494	4	5k	0.0
114170000	114180000	114174824	3	5k	0.0
116370000	116380000	116373186	5	5k	0.0
132980000	132990000	132981642	2	5k	0.0037845390656026205
133000000	133010000	133000640	9	5k	0.0
141640000	141650000	141649053	1	30k	0.0
141810000	141820000	141812587	3	5k	0.0
141930000	141940000	141939579	2	5k	0.024599503926417004
142060000	142070000	142062598	2	10k	0.0123692463364715
142150000	142160000	142154565	3	5k	0.0340608515904236
149630000	149640000	149639095	4	5k	0.0
162130000	162140000	162136309	4	5k	0.0
165800000	165810000	165804034	3	10k	0.0123692463364715
187530000	187540000	187535646	2	30k	0.0
191470000	191480000	191474465	4	5k	0.0
222950000	222960000	222958486	3	5k	0.0
overlapping:37

-----3-----
len(ale):3911
	 1 2452
	 2 1328
	 3 62
	 4 58
	 5 6
	 6 2
	 9 3
len(amin):51
610000	620000	613360	4	5k	0.00432352766440201
3250000	3260000	3252794	5	5k	0.032426457483015
60350000	60360000	60351505	2	30k	0.0
60840000	60850000	60844950	4	5k	0.019455874489808997
75730000	75740000	75733936	4	30k	0.00562279318138211
90450000	90460000	90458306	5	5k	0.0
90490000	90500000	90496377	6	5k	0.0
100540000	100550000	100545162	4	5k	0.019455874489808997
101280000	101290000	101284043	4	5k	0.0
107030000	107040000	107039301	2	5k	0.00648529149660301
116380000	116390000	116381765	4	5k	0.00648529149660301
116560000	116570000	116565108	5	5k	0.0
116860000	116870000	116867051	2	30k	0.0140569829534553
118590000	118600000	118595403	4	5k	0.019455874489808997
123590000	123600000	123593746	9	5k	0.0
151140000	151150000	151146751	6	5k	0.0
160220000	160230000	160222973	1	125k	0.0308322753057997
164070000	164080000	164071411	5	5k	0.0
164080000	164090000	164089444	3	5k	0.012970582993206003
165230000	165240000	165237090	9	5k	0.0
166010000	166020000	166017549	4	5k	0.00432352766440201
168790000	168800000	168795346	1	125k	0.0224234729496725
169370000	169380000	169375826	4	5k	0.017294110657608
172130000	172140000	172137325	3	30k	0.0168683795441463
172240000	172250000	172248617	2	30k	0.0
174860000	174870000	174861581	4	5k	0.00648529149660301
176810000	176820000	176813730	4	5k	0.019455874489808997
176820000	176830000	176829760	2	5k	0.0
176880000	176890000	176889088	1	10k	0.00249425150716787
177160000	177170000	177167391	4	5k	0.010808819161005
177450000	177460000	177452226	2	10k	0.0
177510000	177520000	177511033	5	5k	0.0
177680000	177690000	177680851	3	5k	0.015132346825407001
177860000	177870000	177869068	4	10k	0.0
177960000	177970000	177969390	4	5k	0.0
178050000	178060000	178055050	4	5k	0.00648529149660301
178100000	178110000	178109554	1	10k	0.00249425150716787
178240000	178250000	178247833	2	10k	0.0224482635645108
178510000	178520000	178510364	2	10k	0.00249425150716787
178570000	178580000	178573491	4	10k	0.00249425150716787
178640000	178650000	178642631	3	10k	0.0249425150716787
178730000	178740000	178730813	2	5k	0.00432352766440201
180640000	180650000	180643889	5	5k	0.0
185640000	185650000	185647743	3	5k	0.015132346825407001
186370000	186380000	186374101	4	5k	0.0
189590000	189600000	189594120	4	5k	0.0
189630000	189640000	189638703	4	5k	0.00432352766440201
189680000	189690000	189680281	2	5k	0.00648529149660301
196620000	196630000	196625764	9	5k	0.0
overlapping:49

-----4-----
len(ale):2954
	 1 2041
	 2 865
	 3 22
	 4 20
	 5 2
	 6 4
len(amin):26
10000	20000	18013	5	5k	0.0
50000	60000	50026	4	5k	0.0
2010000	2020000	2010350	2	5k	0.0024791901271994697
39210000	39220000	39211983	4	5k	0.0
39530000	39540000	39535619	4	5k	0.00495838025439895
39720000	39730000	39724198	4	5k	0.0024791901271994697
42470000	42480000	42476144	2	250k	0.0423912167065336
49100000	49110000	49100638	3	5k	0.0
49150000	49160000	49154661	4	5k	0.00495838025439895
49510000	49520000	49515313	4	5k	0.0
49650000	49660000	49650870	3	5k	0.0
57830000	57840000	57836810	5	5k	0.0
68260000	68270000	68265692	6	5k	0.0
91240000	91250000	91241347	4	5k	0.0
92150000	92160000	92156530	2	30k	0.0320904736355586
93610000	93620000	93613344	6	5k	0.0
97510000	97520000	97518785	2	10k	0.0475553055521846
139090000	139100000	139099778	2	10k	0.0475553055521846
190170000	190180000	190178923	4	5k	0.0024791901271994697
190840000	190850000	190842201	4	5k	0.0
190870000	190880000	190877216	6	5k	0.0
190910000	190920000	190918734	4	5k	0.0
191030000	191040000	191038284	6	5k	0.0
overlapping:23

-----5-----
len(ale):2606
	 1 1772
	 2 794
	 3 22
	 4 14
	 5 1
	 6 3
len(amin):27
80000	90000	81608	2	5k	0.0399565748485701
1040000	1050000	1046613	6	5k	0.0
1330000	1340000	1332818	6	5k	0.0
2220000	2230000	2228394	4	5k	0.0
18090000	18100000	18095028	4	5k	0.0293014882222848
24360000	24370000	24365619	1	250k	0.0179169583485387
25820000	25830000	25821482	1	30k	0.00308257973605112
26900000	26910000	26904759	1	125k	0.042923583036575
30760000	30770000	30763961	4	5k	0.0
46340000	46350000	46340580	2	10k	0.0252399280007892
49510000	49520000	49513621	6	5k	0.0
51420000	51430000	51421154	4	5k	0.0
54740000	54750000	54744659	2	30k	0.0400735365686646
79940000	79950000	79947729	5	5k	0.0
93900000	93910000	93905333	4	5k	0.00799131496971399
113490000	113500000	113494128	4	5k	0.0
114810000	114820000	114815265	4	5k	0.0
122730000	122740000	122731971	2	30k	0.0
123070000	123080000	123079901	3	30k	0.0
138760000	138770000	138768058	4	5k	0.0
148870000	148880000	148878130	4	5k	0.0293014882222848
171360000	171370000	171368932	4	5k	0.0
overlapping:22

-----6-----
len(ale):2962
	 1 1965
	 2 940
	 3 30
	 4 22
	 5 1
	 6 1
	 7 1
	 9 2
len(amin):40
6400000	6410000	6402756	4	5k	0.0
10190000	10200000	10192258	4	5k	0.0443122468991966
11670000	11680000	11671502	4	5k	0.0
13190000	13200000	13191198	9	5k	0.0
22650000	22660000	22654408	3	10k	0.0
24920000	24930000	24925768	5	5k	0.0
26210000	26220000	26215273	1	30k	0.035833282805972
28860000	28870000	28866589	4	5k	0.0417056441404204
29920000	29930000	29921337	7	5k	0.0
31590000	31600000	31592368	2	10k	0.0319804880544661
32410000	32420000	32417533	3	10k	0.005814634191721121
54660000	54670000	54661468	4	5k	0.0312792331053153
57390000	57400000	57397268	2	10k	0.005814634191721121
61910000	61920000	61911861	6	5k	0.0
64950000	64960000	64958244	4	5k	0.0312792331053153
69050000	69060000	69056879	4	5k	0.0443122468991966
70390000	70400000	70394291	4	5k	0.00521320551755254
87060000	87070000	87068497	3	5k	0.0469188496579729
92770000	92780000	92770492	4	10k	0.026165853862745
94730000	94740000	94739391	2	5k	0.0443122468991966
102840000	102850000	102844769	9	5k	0.0
106460000	106470000	106461930	2	30k	0.0423484251343306
106810000	106820000	106819283	2	10k	0.0
107350000	107360000	107350920	2	5k	0.0417056441404204
107960000	107970000	107965789	2	125k	0.0032388420914395
109650000	109660000	109658413	1	125k	0.0388661050972741
118560000	118570000	118566605	4	5k	0.0
119550000	119560000	119558927	4	5k	0.0417056441404204
136630000	136640000	136638152	4	5k	0.00260660275877627
152420000	152430000	152427155	2	10k	0.0
155340000	155350000	155340950	4	5k	0.0
159300000	159310000	159306243	4	5k	0.0
162800000	162810000	162807656	4	10k	0.0
163850000	163860000	163854597	2	10k	0.0
overlapping:34

-----7-----
len(ale):2894
	 1 1836
	 2 964
	 3 52
	 4 32
	 5 5
	 6 4
	 7 1
len(amin):45
12490000	12500000	12490940	1	30k	0.0
13970000	13980000	13973993	2	30k	0.0490177177381033
26220000	26230000	26224898	3	10k	0.0186958506425752
27800000	27810000	27801506	4	5k	0.0358180035345786
31960000	31970000	31964527	4	5k	0.0330627724934572
47320000	47330000	47328916	4	5k	0.0
48210000	48220000	48212708	4	5k	0.0
54210000	54220000	54211571	2	30k	0.0
54530000	54540000	54538804	2	30k	0.0
54760000	54770000	54768661	3	10k	0.0
54790000	54800000	54795660	4	10k	0.0186958506425752
54930000	54940000	54936628	5	5k	0.0
54990000	55000000	54999113	3	5k	0.00275523104112143
55070000	55080000	55079094	4	5k	0.0
55100000	55110000	55103588	4	5k	0.0
55160000	55170000	55160075	2	5k	0.0247970793700929
55170000	55180000	55176571	6	5k	0.0
55230000	55240000	55239056	7	5k	0.0
55340000	55350000	55341532	3	5k	0.0247970793700929
55470000	55480000	55470002	4	5k	0.0275523104112143
57550000	57560000	57551513	4	5k	0.0
61050000	61060000	61056189	6	5k	0.0
61080000	61090000	61080683	5	5k	0.0
61750000	61760000	61750026	4	5k	0.0
61780000	61790000	61785018	4	5k	0.00551046208224288
61800000	61810000	61800014	2	5k	0.00551046208224288
61810000	61820000	61814511	4	5k	0.0358180035345786
61980000	61990000	61989470	6	5k	0.0
70250000	70260000	70251990	2	10k	0.00623195021419171
81120000	81130000	81122973	5	5k	0.0
101580000	101590000	101589662	3	5k	0.0
101800000	101810000	101803612	4	5k	0.0220418483289715
106640000	106650000	106645474	4	5k	0.0137761552056072
110720000	110730000	110729712	2	30k	0.0
129190000	129200000	129191174	4	5k	0.0
129400000	129410000	129405124	4	5k	0.01928661728785
147320000	147330000	147329911	2	5k	0.0275523104112143
148550000	148560000	148553597	4	10k	0.021811825749671002
151230000	151240000	151232494	4	5k	0.0220418483289715
152110000	152120000	152111787	4	5k	0.0082656931233643
overlapping:40

-----8-----
len(ale):1683
	 1 914
	 2 704
	 3 45
	 4 14
	 5 3
	 8 1
	 9 2
len(amin):41
3720000	3730000	3728675	1	250k	0.0479981881513526
38660000	38670000	38666441	2	30k	0.0114136307278645
39630000	39640000	39639153	3	30k	0.0114136307278645
41750000	41760000	41756428	2	10k	0.0401831502812713
42900000	42910000	42909825	2	125k	0.03789075943055
43790000	43800000	43795269	8	5k	0.0
43820000	43830000	43823761	4	5k	0.0
46850000	46860000	46853873	9	5k	0.0
70680000	70690000	70686891	4	5k	0.0
73780000	73790000	73783983	9	5k	0.0
75410000	75420000	75413006	4	5k	0.00547607130896755
80640000	80650000	80642974	4	5k	0.00821410696345133
95740000	95750000	95744189	2	30k	0.0114136307278645
107660000	107670000	107668911	1	30k	0.0380454357595483
112600000	112610000	112603611	4	5k	0.00273803565448378
116320000	116330000	116327244	3	30k	0.0114136307278645
122180000	122190000	122183304	3	5k	0.024642320890354
124340000	124350000	124349112	1	30k	0.0114136307278645
126360000	126370000	126360990	2	10k	0.0133943834270904
128300000	128310000	128306819	3	10k	0.0133943834270904
128520000	128530000	128528168	2	30k	0.0
128720000	128730000	128727387	4	5k	0.024642320890354
128740000	128750000	128745382	5	5k	0.00547607130896755
128790000	128800000	128795867	4	5k	0.00821410696345133
128870000	128880000	128877768	2	10k	0.0133943834270904
128920000	128930000	128920765	4	10k	0.0401831502812713
129210000	129220000	129211745	5	5k	0.0
129370000	129380000	129371198	4	5k	0.0
129470000	129480000	129471716	3	10k	0.0100457875703178
129550000	129560000	129553645	3	5k	0.024642320890354
129570000	129580000	129579637	2	5k	0.00547607130896755
130860000	130870000	130868760	4	5k	0.00547607130896755
131850000	131860000	131854971	4	5k	0.00273803565448378
133990000	134000000	133990345	3	5k	0.00547607130896755
135080000	135090000	135082025	5	5k	0.0
141620000	141630000	141628107	3	5k	0.0136901782724189
overlapping:36

-----9-----
len(ale):1752
	 1 1170
	 2 532
	 3 19
	 4 23
	 5 4
	 6 1
	 7 1
	 8 2
len(amin):47
9280000	9290000	9284349	4	5k	0.00721938572407551
10430000	10440000	10434479	1	30k	0.0118457920927435
10910000	10920000	10918119	4	5k	0.0180484643101887
14120000	14130000	14123083	2	250k	0.026811033302067997
16370000	16380000	16379681	2	5k	0.00360969286203776
19690000	19700000	19693003	2	125k	0.007853326928395691
21360000	21370000	21361956	3	5k	0.0433163143444531
21540000	21550000	21540376	4	5k	0.0108290785861133
21820000	21830000	21829747	4	5k	0.0
21840000	21850000	21847739	4	5k	0.0397066214824153
21970000	21980000	21973683	8	5k	0.0
22040000	22050000	22047650	4	5k	0.0
22350000	22360000	22351014	7	5k	0.0
22670000	22680000	22670011	2	30k	0.00394859736424783
22800000	22810000	22807311	5	5k	0.0
26610000	26620000	26617768	2	10k	0.0475847689348643
28010000	28020000	28011442	2	10k	0.0
32850000	32860000	32855280	2	30k	0.00394859736424783
33580000	33590000	33584138	2	10k	0.018301834205717
33790000	33800000	33794405	4	5k	0.0180484643101887
34140000	34150000	34149076	2	30k	0.0118457920927435
34980000	34990000	34989594	1	30k	0.00394859736424783
35900000	35910000	35905157	2	30k	0.00394859736424783
36030000	36040000	36031406	4	5k	0.0
36070000	36080000	36079384	3	5k	0.00721938572407551
37250000	37260000	37253376	1	250k	0.049791918989555
44070000	44080000	44070316	4	5k	0.0108290785861133
66460000	66470000	66465317	4	5k	0.0505357000685286
66800000	66810000	66800667	5	5k	0.0
66830000	66840000	66833652	5	5k	0.0
66970000	66980000	66971591	8	5k	0.0
68450000	68460000	68451190	3	30k	0.0
69710000	69720000	69710868	4	5k	0.0505357000685286
72760000	72770000	72767503	4	5k	0.0180484643101887
75840000	75850000	75849127	4	5k	0.0
111560000	111570000	111567678	4	5k	0.00360969286203776
126290000	126300000	126296796	4	30k	0.0394859736424783
131020000	131030000	131021438	1	125k	0.0314133077135828
134210000	134220000	134212067	6	5k	0.0
139890000	139900000	139896529	4	5k	0.00360969286203776
140780000	140790000	140782633	4	5k	0.00360969286203776
overlapping:41

-----10-----
len(ale):2201
	 1 1508
	 2 644
	 3 24
	 4 16
	 5 1
	 6 6
	 9 2
len(amin):20
23450000	23460000	23459937	2	5k	0.0
29750000	29760000	29757149	5	5k	0.0
42380000	42390000	42388299	9	5k	0.0
42590000	42600000	42598592	9	5k	0.0
43890000	43900000	43896068	4	5k	0.0338121597314573
58540000	58550000	58540596	4	5k	0.0
78460000	78470000	78466036	2	30k	0.0
84160000	84170000	84165574	2	125k	0.0
87120000	87130000	87123812	6	5k	0.0
89620000	89630000	89628711	4	5k	0.0
89670000	89680000	89673487	6	5k	0.0
89720000	89730000	89721784	4	5k	0.0
89870000	89880000	89878245	6	5k	0.0
108290000	108300000	108290938	4	5k	0.0270497277851658
overlapping:14

-----11-----
len(ale):2585
	 1 1622
	 2 900
	 3 35
	 4 18
	 5 3
	 6 1
	 7 1
	 8 4
	 9 1
len(amin):28
22460000	22470000	22460873	2	30k	0.0371472346839221
22610000	22620000	22610805	2	30k	0.0288922936430507
34600000	34610000	34600734	1	125k	0.0
37010000	37020000	37010696	4	5k	0.0
48850000	48860000	48858624	3	5k	0.0225230526326376
48890000	48900000	48895066	4	5k	0.0160878947375983
51580000	51590000	51581855	9	5k	0.0
66520000	66530000	66528925	4	5k	0.0
68360000	68370000	68368541	5	5k	0.0
69040000	69050000	69045480	7	5k	0.0
69070000	69080000	69079427	3	5k	0.0160878947375983
69240000	69250000	69242796	2	30k	0.0123824115613074
69530000	69540000	69534214	3	5k	0.0321757894751966
70820000	70830000	70825689	8	5k	0.0
73780000	73790000	73782751	2	30k	0.00825494104087161
74740000	74750000	74747542	6	5k	0.0
76930000	76940000	76933116	4	5k	0.0321757894751966
77050000	77060000	77052828	2	10k	0.0146620227513986
77070000	77080000	77078793	3	10k	0.010996517063549
77530000	77540000	77530679	3	5k	0.0
77880000	77890000	77884903	1	30k	0.0
79860000	79870000	79864521	5	5k	0.0
84000000	84010000	84001045	2	125k	0.0123193790454479
85190000	85200000	85195165	8	5k	0.0
93160000	93170000	93161677	4	5k	0.0321757894751966
96160000	96170000	96164668	2	30k	0.0
102590000	102600000	102596770	2	30k	0.00825494104087161
121260000	121270000	121262628	5	5k	0.0
overlapping:28

-----12-----
len(ale):2531
	 1 1628
	 2 850
	 3 29
	 4 19
	 5 1
	 6 2
	 8 2
len(amin):21
510000	520000	517183	4	5k	0.0162445641532134
580000	590000	587301	3	10k	0.0
20350000	20360000	20358724	4	5k	0.0
22280000	22290000	22284437	6	5k	0.0
22310000	22320000	22315932	8	5k	0.0
26410000	26420000	26419336	3	10k	0.0073955274519042595
27530000	27540000	27532154	4	5k	0.0259913026451414
28240000	28250000	28246827	2	30k	0.004160620414605421
28550000	28560000	28555502	8	5k	0.0
32570000	32580000	32573821	3	10k	0.0406754009854735
34840000	34850000	34842564	6	5k	0.0
41750000	41760000	41758033	4	5k	0.0032489128306426697
56440000	56450000	56447304	2	30k	0.0249637224876325
58140000	58150000	58145167	1	125k	0.0124223602484472
62850000	62860000	62852544	2	30k	0.004160620414605421
69540000	69550000	69549069	2	30k	0.00832124082921081
71600000	71610000	71605582	5	5k	0.0032489128306426697
72800000	72810000	72806990	2	10k	0.0036977637259521397
overlapping:18

-----13-----
len(ale):1421
	 1 976
	 2 419
	 3 16
	 4 8
	 5 1
	 6 1
len(amin):19
20620000	20630000	20628063	4	5k	0.0
25580000	25590000	25582516	4	5k	0.0
32350000	32360000	32352661	2	5k	0.044642053512714996
48950000	48960000	48953885	4	5k	0.0
49030000	49040000	49034237	5	5k	0.0
50640000	50650000	50645475	4	5k	0.044642053512714996
55350000	55360000	55354246	4	5k	0.0312494374589005
61460000	61470000	61461386	6	5k	0.0
62420000	62430000	62420832	2	30k	0.0
73640000	73650000	73640201	4	10k	0.045041982639925
85410000	85420000	85416387	2	30k	0.0
109700000	109710000	109708763	2	10k	0.027025189583955
110070000	110080000	110077453	4	5k	0.0
110310000	110320000	110313070	1	30k	0.0
113220000	113230000	113227928	1	125k	0.0
overlapping:15

-----14-----
len(ale):1333
	 1 930
	 2 381
	 3 11
	 4 9
	 6 1
	 9 1
len(amin):22
19000000	19010000	19004877	4	5k	0.0
21690000	21700000	21692778	1	125k	0.0
22910000	22920000	22919370	2	5k	0.0
31000000	31010000	31008908	2	5k	0.00475384864773069
33430000	33440000	33433036	1	125k	0.0
50660000	50670000	50669323	2	5k	0.0190153945909227
50760000	50770000	50763056	4	5k	0.0
55620000	55630000	55620247	2	5k	0.00475384864773069
59220000	59230000	59220920	9	5k	0.0
69080000	69090000	69080541	2	125k	0.0
77670000	77680000	77670114	2	10k	0.004816933117507811
102820000	102830000	102829770	2	10k	0.0
105400000	105410000	105400369	4	5k	0.0
105450000	105460000	105452810	4	5k	0.00475384864773069
106320000	106330000	106328616	6	5k	0.0
106370000	106380000	106379631	2	10k	0.0337185318225546
overlapping:16

-----15-----
len(ale):1214
	 1 805
	 2 381
	 3 15
	 4 10
	 5 2
	 9 1
len(amin):27
21900000	21910000	21905651	3	10k	0.0252935867501923
27690000	27700000	27692656	4	5k	0.0
35400000	35410000	35405522	9	5k	0.0
35490000	35500000	35491476	3	5k	0.0150435171320464
41850000	41860000	41853649	4	5k	0.0
42910000	42920000	42916218	2	30k	0.0
56250000	56260000	56252856	4	5k	0.0
60510000	60520000	60517282	2	250k	0.0
68660000	68670000	68668181	4	5k	0.0
74900000	74910000	74906746	4	5k	0.0351015399747748
75120000	75130000	75124783	3	10k	0.00505871735003845
75500000	75510000	75506414	1	30k	0.0108681713452824
82330000	82340000	82333454	4	30k	0.0217363426905649
87480000	87490000	87480181	1	30k	0.0
92680000	92690000	92685952	1	30k	0.0163022570179236
92900000	92910000	92907391	5	5k	0.0
93580000	93590000	93583923	2	30k	0.0434726853811295
93870000	93880000	93872552	2	10k	0.0252935867501923
95560000	95570000	95563345	4	5k	0.0
99360000	99370000	99365751	5	5k	0.0
overlapping:20

-----16-----
len(ale):1167
	 1 760
	 2 365
	 3 25
	 4 17
len(amin):25
580000	590000	580656	2	250k	0.00598524606960304
2390000	2400000	2391646	3	5k	0.0055136974369163205
3860000	3870000	3861157	4	5k	0.0
4290000	4300000	4297216	4	5k	0.0441095794953306
30970000	30980000	30979262	2	125k	0.0245345763579001
33540000	33550000	33543594	4	5k	0.0
33880000	33890000	33882682	3	10k	0.00567452524842995
33920000	33930000	33926652	2	10k	0.0226981009937198
33970000	33980000	33976656	4	5k	0.0
34020000	34030000	34022110	4	5k	0.0055136974369163205
48630000	48640000	48637307	4	5k	0.0
49310000	49320000	49313622	3	5k	0.0275684871845816
57060000	57070000	57068268	4	5k	0.0110273948738326
66980000	66990000	66984225	4	5k	0.0
70650000	70660000	70659868	1	10k	0.0113490504968599
78590000	78600000	78593515	2	10k	0.0226981009937198
78630000	78640000	78634425	3	5k	0.0110273948738326
78660000	78670000	78663396	4	5k	0.0055136974369163205
78800000	78810000	78806371	4	10k	0.0340471514905798
78920000	78930000	78922134	3	5k	0.0055136974369163205
overlapping:20

-----17-----
len(ale):910
	 1 463
	 2 372
	 3 45
	 4 23
	 5 5
	 6 2
len(amin):34
7570000	7580000	7579612	3	5k	0.0
17270000	17280000	17271683	4	5k	0.00989432239248151
22250000	22260000	22254336	4	5k	0.0
29550000	29560000	29551929	2	30k	0.0
33470000	33480000	33478416	5	5k	0.0
36000000	36010000	36000282	2	10k	0.0
36660000	36670000	36667314	4	5k	0.0247358059812037
36780000	36790000	36788807	3	10k	0.0
36860000	36870000	36865760	2	10k	0.0181092609486442
37320000	37330000	37322177	4	5k	0.0
37340000	37350000	37347153	3	5k	0.0
37630000	37640000	37632875	3	5k	0.0346301283736852
37680000	37690000	37685823	5	5k	0.0
37720000	37730000	37726783	3	5k	0.0148414835887222
37740000	37750000	37746264	5	5k	0.0
37770000	37780000	37776735	4	5k	0.0
37810000	37820000	37816696	5	5k	0.0
37850000	37860000	37858156	4	5k	0.0
37960000	37970000	37963053	6	5k	0.0
37990000	38000000	37991026	4	5k	0.0
38050000	38060000	38053044	2	10k	0.0
38130000	38140000	38135386	4	5k	0.0
38190000	38200000	38192330	4	5k	0.0
38260000	38270000	38265759	5	5k	0.0
38340000	38350000	38348678	4	5k	0.00989432239248151
38360000	38370000	38369158	3	5k	0.0
38380000	38390000	38389139	4	5k	0.0
48860000	48870000	48865250	1	125k	0.0204881198020178
57910000	57920000	57919139	4	5k	0.0
57940000	57950000	57946113	6	5k	0.0
59800000	59810000	59800935	2	10k	0.0
overlapping:31

-----18-----
len(ale):1285
	 1 871
	 2 389
	 3 19
	 4 4
	 6 2
len(amin):9
19550000	19560000	19558687	1	125k	0.0
20370000	20380000	20375897	3	10k	0.0127818609133448
25400000	25410000	25407612	4	5k	0.01740188354397
28330000	28340000	28335897	6	5k	0.0
30030000	30040000	30031956	2	30k	0.0142688950024484
48590000	48600000	48591190	2	30k	0.0
60790000	60800000	60793387	6	5k	0.0
62070000	62080000	62072138	3	5k	0.01160125569598
overlapping:8

-----19-----
len(ale):1484
	 1 835
	 2 601
	 3 26
	 4 20
	 6 2
len(amin):8
9250000	9260000	9259639	2	30k	0.0
14770000	14780000	14778168	2	125k	0.0468202173082932
15430000	15440000	15434391	6	5k	0.0
30860000	30870000	30862259	4	5k	0.0
30950000	30960000	30958325	4	5k	0.013664523576351001
39890000	39900000	39892508	4	5k	0.0
41250000	41260000	41252597	2	125k	0.0
52510000	52520000	52514009	6	5k	0.0
overlapping:8

-----20-----
len(ale):1353
	 1 799
	 2 509
	 3 29
	 4 14
	 5 2
len(amin):19
14570000	14580000	14578565	4	10k	0.0156213954878722
14650000	14660000	14658887	3	5k	0.0462652115236878
14720000	14730000	14721433	4	10k	0.0
14810000	14820000	14811351	2	10k	0.0234320932318084
14950000	14960000	14955970	5	5k	0.0
14980000	14990000	14988188	3	10k	0.0156213954878722
15020000	15030000	15028867	4	5k	0.0
15070000	15080000	15078298	4	5k	0.006609315931955411
15310000	15320000	15312403	2	30k	0.0
21780000	21790000	21781381	3	5k	0.006609315931955411
23410000	23420000	23413089	4	5k	0.006609315931955411
29590000	29600000	29596902	5	5k	0.0
30350000	30360000	30354445	2	30k	0.00883233774640349
32480000	32490000	32488824	2	125k	0.0
45410000	45420000	45416202	4	10k	0.0390534887196806
48420000	48430000	48420439	3	10k	0.0156213954878722
overlapping:16

-----21-----
len(ale):261
	 1 213
	 2 33
	 3 5
	 4 3
	 5 2
	 7 2
	 8 1
	 9 2
len(amin):16
9830000	9840000	9833792	5	5k	0.0
10700000	10710000	10702522	3	5k	0.0
10710000	10720000	10718208	3	5k	0.0
11070000	11080000	11075353	3	5k	0.0
11090000	11100000	11091842	2	5k	0.0
11140000	11150000	11144931	3	5k	0.0
14350000	14360000	14351334	1	10k	0.052371773330758
19650000	19660000	19653665	3	5k	0.0
36210000	36220000	36217499	1	30k	0.0
39870000	39880000	39875379	7	5k	0.0
40850000	40860000	40857153	2	10k	0.0
42740000	42750000	42740881	2	10k	0.052371773330758
42870000	42880000	42870086	9	5k	0.0
43030000	43040000	43032035	1	30k	0.0
43200000	43210000	43206456	1	30k	0.0
overlapping:15

-----22-----
len(ale):17
	 1 14
	 2 1
	 3 1
	 9 1
len(amin):17
16850000	16860000	16856235	2	5k	0.0
18960000	18970000	18965107	1	5k	0.00978905359103497
20270000	20280000	20279743	1	5k	0.0
27390000	27400000	27395700	3	5k	0.0
29060000	29070000	29066010	9	5k	0.0
42830000	42840000	42836981	1	5k	0.00978905359103497
43410000	43420000	43416833	1	5k	0.019578107182070002
45130000	45140000	45130510	1	5k	0.019578107182070002
overlapping:8

-----X-----
len(ale):1707
	 1 1265
	 2 417
	 3 9
	 4 7
	 5 3
	 6 4
	 7 1
	 9 1
len(amin):24
7070000	7080000	7070498	2	5k	0.0071431253652718095
7320000	7330000	7328295	5	5k	0.0
8230000	8240000	8236581	4	5k	0.0
8280000	8290000	8289539	6	5k	0.0
11210000	11220000	11211241	4	5k	0.0
11640000	11650000	11641902	4	5k	0.0
11730000	11740000	11732331	9	5k	0.0
11950000	11960000	11952658	6	5k	0.0
22270000	22280000	22273539	5	5k	0.0
31440000	31450000	31440197	2	30k	0.0359129074196202
31660000	31670000	31669149	7	5k	0.0
55120000	55130000	55123842	2	30k	0.0143651629678481
58560000	58570000	58561995	5	5k	0.0
61720000	61730000	61721510	6	5k	0.0
61800000	61810000	61803153	1	30k	0.0359129074196202
66560000	66570000	66569773	2	10k	0.0241033259184346
67370000	67380000	67373172	1	125k	0.0499684926590375
73050000	73060000	73059592	3	5k	0.0
125600000	125610000	125606759	4	5k	0.0214293760958154
138090000	138100000	138096934	4	5k	0.0214293760958154
142400000	142410000	142403047	4	5k	0.0071431253652718095
146040000	146050000	146048180	6	5k	0.0
overlapping:22



